(-6,-1):(-155.0,-118.0)
(-6,0):(-155.0,-48.0)
(-6,1):(-155.0,22.0)
(-5,-1):(-131.0,-118.0)
(-5,0):(-131.0,-48.0)
(-5,1):(-131.0,22.0)
(-5,2):(-131.0,92.0)
(-4,-2):(-107.0,-188.0)
(-4,-1):(-107.0,-118.0)
(-4,0):(-107.0,-48.0)
(-4,1):(-107.0,22.0)
(-4,2):(-107.0,92.0)
(-3,-2):(-83.0,-188.0)
(-3,-1):(-83.0,-118.0)
(-3,0):(-83.0,-48.0)
(-3,1):(-83.0,22.0)
(-3,2):(-83.0,92.0)
(-2,-2):(-59.0,-188.0)
(-2,-1):(-59.0,-118.0)
(-2,0):(-59.0,-48.0)
(-2,1):(-59.0,22.0)
(-2,2):(-59.0,92.0)
(-1,-2):(-35.0,-188.0)
(-1,-1):(-35.0,-118.0)
(-1,0):(-35.0,-48.0)
(-1,1):(-35.0,22.0)
(-1,2):(-35.0,92.0)
(0,-2):(-11.0,-188.0)
(0,-1):(-11.0,-118.0)
(0,0):(-11.0,-48.0)
(0,1):(-11.0,22.0)
(0,2):(-11.0,92.0)
(1,-2):(13.0,-188.0)
(1,-1):(13.0,-118.0)
(1,0):(13.0,-48.0)
(1,1):(13.0,22.0)
(1,2):(13.0,92.0)
(2,-2):(37.0,-188.0)
(2,-1):(37.0,-118.0)
(2,0):(37.0,-48.0)
(2,1):(37.0,22.0)
(2,2):(37.0,92.0)
(3,-2):(61.0,-188.0)
(3,-1):(61.0,-118.0)
(3,0):(61.0,-48.0)
(3,1):(61.0,22.0)
(3,2):(61.0,92.0)
(4,-2):(85.0,-188.0)
(4,-1):(85.0,-118.0)
(4,0):(85.0,-48.0)
(4,1):(85.0,22.0)
(4,2):(85.0,92.0)
(5,-1):(109.0,-118.0)
(5,0):(109.0,-48.0)
(5,1):(109.0,22.0)
(5,2):(109.0,92.0)
(6,-1):(133.0,-118.0)
(6,0):(133.0,-48.0)
(6,1):(133.0,22.0)
