(-4,-3):(-150.0,-115.0)
(-4,-2):(-150.0,-80.0)
(-4,-1):(-150.0,-45.0)
(-4,0):(-150.0,-10.0)
(-4,1):(-150.0,25.0)
(-4,2):(-150.0,60.0)
(-3,-4):(-115.0,-150.0)
(-3,-3):(-115.0,-115.0)
(-3,-2):(-115.0,-80.0)
(-3,-1):(-115.0,-45.0)
(-3,0):(-115.0,-10.0)
(-3,1):(-115.0,25.0)
(-3,2):(-115.0,60.0)
(-3,3):(-115.0,95.0)
(-2,-4):(-80.0,-150.0)
(-2,-3):(-80.0,-115.0)
(-2,-2):(-80.0,-80.0)
(-2,-1):(-80.0,-45.0)
(-2,0):(-80.0,-10.0)
(-2,1):(-80.0,25.0)
(-2,2):(-80.0,60.0)
(-2,3):(-80.0,95.0)
(-2,4):(-80.0,130.0)
(-1,-4):(-45.0,-150.0)
(-1,-3):(-45.0,-115.0)
(-1,-2):(-45.0,-80.0)
(-1,-1):(-45.0,-45.0)
(-1,0):(-45.0,-10.0)
(-1,1):(-45.0,25.0)
(-1,2):(-45.0,60.0)
(-1,3):(-45.0,95.0)
(-1,4):(-45.0,130.0)
(0,-4):(-10.0,-150.0)
(0,-3):(-10.0,-115.0)
(0,-2):(-10.0,-80.0)
(0,-1):(-10.0,-45.0)
(0,0):(-10.0,-10.0)
(0,1):(-10.0,25.0)
(0,2):(-10.0,60.0)
(0,3):(-10.0,95.0)
(0,4):(-10.0,130.0)
(1,-4):(25.0,-150.0)
(1,-3):(25.0,-115.0)
(1,-2):(25.0,-80.0)
(1,-1):(25.0,-45.0)
(1,0):(25.0,-10.0)
(1,1):(25.0,25.0)
(1,2):(25.0,60.0)
(1,3):(25.0,95.0)
(1,4):(25.0,130.0)
(2,-4):(60.0,-150.0)
(2,-3):(60.0,-115.0)
(2,-2):(60.0,-80.0)
(2,-1):(60.0,-45.0)
(2,0):(60.0,-10.0)
(2,1):(60.0,25.0)
(2,2):(60.0,60.0)
(2,3):(60.0,95.0)
(2,4):(60.0,130.0)
(3,-3):(95.0,-115.0)
(3,-2):(95.0,-80.0)
(3,-1):(95.0,-45.0)
(3,0):(95.0,-10.0)
(3,1):(95.0,25.0)
(3,2):(95.0,60.0)
(3,3):(95.0,95.0)
(4,-2):(130.0,-80.0)
(4,-1):(130.0,-45.0)
(4,0):(130.0,-10.0)
(4,1):(130.0,25.0)
(4,2):(130.0,60.0)
